每幅图像的定标误差：

第1幅图像的平均误差：0.0168964像素
第2幅图像的平均误差：0.0172181像素
第3幅图像的平均误差：0.0184079像素
第4幅图像的平均误差：0.0195564像素
第5幅图像的平均误差：0.021982像素
第6幅图像的平均误差：0.0197458像素
第7幅图像的平均误差：0.0182875像素
第8幅图像的平均误差：0.0169606像素
第9幅图像的平均误差：0.0417206像素
第10幅图像的平均误差：0.026972像素
第11幅图像的平均误差：0.0271017像素
第12幅图像的平均误差：0.0343928像素
第13幅图像的平均误差：0.0170778像素
第14幅图像的平均误差：0.0170261像素
第15幅图像的平均误差：0.0179665像素
第16幅图像的平均误差：0.0250881像素
第17幅图像的平均误差：0.0352037像素
总体平均误差：0.0230355像素

相机内参数矩阵：
[2614.642417708449, 0, 1296.762374590783;
  0, 2614.228985404409, 985.2045495697502;
  0, 0, 1]

畸变系数：
[-0.1322780663553967, 0.1917777834420165, -0.001410612451277596, 0.0003865834625222853, -0.2593954500982438]


第1幅图像的旋转向量：
[2.139270017094814;
  2.135861433228;
  -0.06405311116041031]
第1幅图像的旋转矩阵：
[0.004614510748108036, 0.9985708002055372, 0.05324531216387746;
  0.9935855460548521, 0.001437796124199919, -0.1130738493781249;
  -0.1129888001592956, 0.05342555305449252, -0.9921588790709804]
第1幅图像的平移向量：
[-48.3729970818103;
  -373.7634963846349;
  1759.722678272462]

第2幅图像的旋转向量：
[2.165000972852762;
  2.177093571524751;
  0.03130403958304121]
第2幅图像的旋转矩阵：
[-0.004402937928258188, 0.9978933205119248, 0.06472661751771436;
  0.9993417760918651, 0.006721623987097414, -0.03564876335207769;
  -0.03600873081845937, 0.06452705361831314, -0.9972660781637882]
第2幅图像的平移向量：
[-59.3599863033096;
  -375.0623467643145;
  1760.430142751706]

第3幅图像的旋转向量：
[3.042203093790305;
  0.001920557793349243;
  0.1018767596210401]
第3幅图像的旋转矩阵：
[0.9977641905548584, -0.002005992600244857, 0.06680266491762339;
  0.00452237016264748, -0.9952319538451061, -0.0974315462966934;
  0.06667959368892783, 0.0975158143038373, -0.9929977330015105]
第3幅图像的平移向量：
[151.5510999301696;
  -169.1354193731518;
  1752.527407116554]

第4幅图像的旋转向量：
[2.158477726707335;
  1.707632425958231;
  0.3797399476160673]
第4幅图像的旋转矩阵：
[0.2329885086718124, 0.8752683404451336, 0.4238179881049254;
  0.9723934119585271, -0.203881548705194, -0.1135049182953131;
  -0.01293859368474748, 0.4385631611432878, -0.8986072259232437]
第4幅图像的平移向量：
[103.1979102649608;
  -322.7148326121775;
  1636.451150853391]

第5幅图像的旋转向量：
[3.025423211488819;
  0.1716869390966392;
  -0.4840546081077417]
第5幅图像的旋转矩阵：
[0.9440509879002871, 0.1216570027137117, -0.3065408715574632;
  0.09868397506674169, -0.9910931509880896, -0.08941945610171587;
  -0.3146890613121465, 0.05416585414461721, -0.9476480649140082]
第5幅图像的平移向量：
[371.9218479867388;
  -170.2812922448395;
  1761.432094419218]

第6幅图像的旋转向量：
[2.161270075063344;
  -2.123422391768212;
  0.1433547087683956]
第6幅图像的旋转矩阵：
[0.01827893251736334, -0.99979637109648, -0.008549676504743628;
  -0.9895749036438927, -0.01686896657801273, -0.1430277876664905;
  0.1428544388677037, 0.01107494058223166, -0.9896817442930296]
第6幅图像的平移向量：
[367.2026066987202;
  252.2541931254906;
  1381.94933684723]

第7幅图像的旋转向量：
[3.040964753354941;
  0.03287201468690388;
  -0.0845701314235629]
第7幅图像的旋转矩阵：
[0.9982254373882434, 0.02430215480751423, -0.05436341989576035;
  0.01879196178762526, -0.9948434074570264, -0.09966672870855921;
  -0.05650520616034925, 0.0984682685488311, -0.9935346807060999]
第7幅图像的平移向量：
[48.41710158771304;
  243.2204746576345;
  1385.359109766554]

第8幅图像的旋转向量：
[2.744649908416849;
  0.7409416281312026;
  0.006803866021109353]
第8幅图像的旋转矩阵：
[0.8671425580741534, 0.4913944657713907, 0.0812112245066023;
  0.4928029570751428, -0.8228790662246717, -0.2828697365700461;
  -0.0721736064957768, 0.2853095185556587, -0.9557141042942345]
第8幅图像的平移向量：
[19.49929149915459;
  139.4775456194022;
  1381.60739128517]

第9幅图像的旋转向量：
[0.05257310883606946;
  -2.61690308107863;
  0.1969240718846386]
第9幅图像的旋转矩阵：
[-0.8686725200334214, -0.07439676713687057, -0.4897684901852786;
  -0.0002630427613447908, 0.9887279301694042, -0.1497231141521962;
  0.4953867012216726, -0.1299315248217619, -0.8589003522587478]
第9幅图像的平移向量：
[647.7841280489114;
  -46.29878125616452;
  1380.053309067787]

第10幅图像的旋转向量：
[0.00388801380258701;
  2.587026994835258;
  -0.1504354468655414]
第10幅图像的旋转矩阵：
[-0.8524197045635497, 0.03312706193129145, 0.5218076705449922;
  -0.02757786454881306, 0.9937531399397872, -0.1081395313784067;
  -0.5221303560019454, -0.1065706086480436, -0.8461811843297318]
第10幅图像的平移向量：
[184.1453905096215;
  -52.35794585766452;
  1353.765666969456]

第11幅图像的旋转向量：
[-2.108699859945601;
  2.180094851179227;
  -0.6291741200926827]
第11幅图像的旋转矩阵：
[-0.07264846946171222, -0.9488227697327623, 0.3073394727683389;
  -0.9666774584171691, -0.008856640010067696, -0.2558441934378318;
  0.2454727913089213, -0.3156848294808953, -0.9165621621923005]
第11幅图像的平移向量：
[480.5277398781695;
  253.4476208090804;
  1395.53114777553]

第12幅图像的旋转向量：
[2.034435702313572;
  -1.952197684906289;
  -0.04966501041436201]
第12幅图像的旋转矩阵：
[0.06549902185175149, -0.9676713028407932, -0.2435613429813239;
  -0.9788041764326761, -0.01484066057720135, -0.2042599789277947;
  0.1940419087063788, 0.2517776885509012, -0.9481327613860575]
第12幅图像的平移向量：
[523.9757871886733;
  254.7320521606683;
  1261.577797543695]

第13幅图像的旋转向量：
[2.180415201231782;
  -2.060850550819999;
  0.1934809414369844]
第13幅图像的旋转矩阵：
[0.05628384924957441, -0.9984146468509502, 0.000566804326164766;
  -0.9810734510839066, -0.05541160105619936, -0.185538238772234;
  0.1852755026763256, 0.009886729584728152, -0.9826368813993057]
第13幅图像的平移向量：
[49.52809428774798;
  63.98306472870586;
  1433.05878559447]

第14幅图像的旋转向量：
[3.047164155453114;
  0.08384457686796644;
  0.1463919691856095]
第14幅图像的旋转矩阵：
[0.9939007432674777, 0.05045263850232787, 0.09806040893504722;
  0.05905259644653335, -0.9944675380362257, -0.08687408500289801;
  0.09313486664659021, 0.09213493941128575, -0.9913813845107242]
第14幅图像的平移向量：
[-217.5024589782556;
  44.39477460670114;
  1433.425168063571]

第15幅图像的旋转向量：
[2.860044150498786;
  0.899412413056638;
  0.1110891861697171]
第15幅图像的旋转矩阵：
[0.818426261220139, 0.5634925385397805, 0.1124927284548588;
  0.5739292692727415, -0.8111738304096892, -0.1122595685477629;
  0.02799372817760543, 0.1564390484133256, -0.9872908261065995]
第15幅图像的平移向量：
[-79.72769278884789;
  -288.4627080815993;
  1726.606483123014]

第16幅图像的旋转向量：
[2.808603714960949;
  -0.8834474754608547;
  0.3252871479957075]
第16幅图像的旋转矩阵：
[0.7996070513688877, -0.5806142408531928, 0.1533481878589542;
  -0.5414228371210751, -0.8074811326238843, -0.2341698782939746;
  0.2597881345345091, 0.1042176749640856, -0.960025417049028]
第16幅图像的平移向量：
[376.1666888293428;
  -156.530269083156;
  1718.845910160246]

第17幅图像的旋转向量：
[-0.9441630024118362;
  3.022192671378121;
  -0.3429967830387806]
第17幅图像的旋转矩阵：
[-0.8233703537251021, -0.5670433932954053, 0.02287030228555365;
  -0.5577466568200984, 0.801114788836365, -0.2171031135513033;
  0.1047851488170135, -0.1915121020397902, -0.9758807239410446]
第17幅图像的平移向量：
[736.9425520200745;
  -405.1616108856522;
  1799.851177731715]


