每幅图像的定标误差：

第1幅图像的平均误差：0.0177352像素
第2幅图像的平均误差：0.0183316像素
第3幅图像的平均误差：0.0139446像素
第4幅图像的平均误差：0.013941像素
第5幅图像的平均误差：0.0223144像素
第6幅图像的平均误差：0.0323902像素
第7幅图像的平均误差：0.0305066像素
第8幅图像的平均误差：0.0249853像素
第9幅图像的平均误差：0.0535636像素
第10幅图像的平均误差：0.0292037像素
第11幅图像的平均误差：0.0428453像素
第12幅图像的平均误差：0.0453977像素
第13幅图像的平均误差：0.0214743像素
第14幅图像的平均误差：0.0226316像素
第15幅图像的平均误差：0.0143108像素
第16幅图像的平均误差：0.0142406像素
第17幅图像的平均误差：0.0216499像素
总体平均误差：0.025851像素

相机内参数矩阵：
[2605.02701097807, 0, 1345.253311516254;
  0, 2606.715723227009, 1052.656229027424;
  0, 0, 1]

畸变系数：
[-0.09978464169958057, -0.06876025739279505, 0.0002823429277296144, 0.001830091776275695, 0.5120577485542129]


第1幅图像的旋转向量：
[2.132387281520745;
  2.136651132098985;
  -0.05298817205236932]
第1幅图像的旋转矩阵：
[0.001448084840600883, 0.9980906035965684, 0.06174989929167444;
  0.9938027952131305, 0.005427034416565113, -0.111025004048682;
  -0.1111481321339358, 0.06152799614548593, -0.9918973729239624]
第1幅图像的平移向量：
[-200.2685340411404;
  -381.5735205522395;
  1751.835189642952]

第2幅图像的旋转向量：
[2.155793254018341;
  2.175745482527846;
  0.04052222243258536]
第2幅图像的旋转矩阵：
[-0.007834210441684086, 0.9972093077499018, 0.07424433772158717;
  0.9992823097718124, 0.01055893093678773, -0.03637821263591543;
  -0.03706063307428974, 0.07390605871262401, -0.9965763412612699]
第2幅图像的平移向量：
[-211.3314794230103;
  -382.8636115681435;
  1752.308089102026]

第3幅图像的旋转向量：
[3.04416713582743;
  0.00655500354092825;
  0.1153211501672705]
第3幅图像的旋转矩阵：
[0.9971311890179231, 0.0006909536473421111, 0.07568959288277123;
  0.007890374494563514, -0.9954593430670026, -0.0948600985185403;
  0.07528036847703372, 0.09518518205933554, -0.992609010254437]
第3幅图像的平移向量：
[-1.027414309333884;
  -176.1664717957138;
  1747.20282621848]

第4幅图像的旋转向量：
[2.154447189101761;
  1.707892497161927;
  0.3911846593079075]
第4幅图像的旋转矩阵：
[0.2299846565581082, 0.8726964001758105, 0.4307064555680943;
  0.9731620162298454, -0.2026259173631689, -0.1090799146506649;
  -0.007921358173395815, 0.4442338694121778, -0.8958758403661598]
第4幅图像的平移向量：
[-48.09634445370067;
  -329.4582574492897;
  1631.073741832228]

第5幅图像的旋转向量：
[3.031264323160398;
  0.1769379277793369;
  -0.4780077495779452]
第5幅图像的旋转矩阵：
[0.9450697963011379, 0.1239330713687796, -0.3024626818971692;
  0.1028702513370014, -0.9910848610730848, -0.08466705109785168;
  -0.3102592327541427, 0.04890186062763936, -0.9493933939721539]
第5幅图像的平移向量：
[219.4248020014494;
  -176.6818987338118;
  1759.648123713822]

第6幅图像的旋转向量：
[2.169879507223931;
  -2.124018352638675;
  0.1492767609191458]
第6幅图像的旋转矩阵：
[0.02142118555928385, -0.9997701488564145, -0.0008844573804446115;
  -0.9898185972903125, -0.0210834337281316, -0.1407644602890575;
  0.1407134580183179, 0.003890793987679039, -0.9900427184999001]
第6幅图像的平移向量：
[215.383382765709;
  247.6344593721969;
  1381.894758131219]

第7幅图像的旋转向量：
[3.046112535758839;
  0.03921261045174664;
  -0.06937775629201287]
第7幅图像的旋转矩阵：
[0.9986350784691945, 0.02781804076162044, -0.04420561795757717;
  0.02352410030421965, -0.9952135970138041, -0.09484995004596745;
  -0.04663257183239478, 0.09368058991610979, -0.9945096029286324]
第7幅图像的平移向量：
[-103.4257407678341;
  237.2424965522538;
  1382.543500469874]

第8幅图像的旋转向量：
[2.749675797119679;
  0.7467999929101165;
  0.01867104940080962]
第8幅图像的旋转矩阵：
[0.8654408560930434, 0.4932418780170172, 0.08788955782790782;
  0.4970176211781793, -0.8231240963202889, -0.2746638059433597;
  -0.06313167860371795, 0.2813879383114236, -0.9575151274677196]
第8幅图像的平移向量：
[-131.8499008380001;
  133.6147983652273;
  1380.225815256291]

第9幅图像的旋转向量：
[0.05707294447594509;
  -2.619755303083836;
  0.1922560381302807]
第9幅图像的旋转矩阵：
[-0.8698173954133229, -0.07650438345391014, -0.4874061734823639;
  -0.004529389086820074, 0.989101068122523, -0.1471684805703465;
  0.493353000670801, -0.1258020522536153, -0.8606838329943786]
第9幅图像的平移向量：
[496.5567385550118;
  -50.30246824117086;
  1379.163156142006]

第10幅图像的旋转向量：
[0.0002655212894307949;
  2.579582433549167;
  -0.1433587333518996]
第10幅图像的旋转矩阵：
[-0.8483000212352664, 0.02957184776742791, 0.5286894927950305;
  -0.02919252130175597, 0.994309057603686, -0.1024563061373756;
  -0.5287105736339053, -0.1023474659524561, -0.8426091178837419]
第10幅图像的平移向量：
[33.81776620492002;
  -57.71728395414227;
  1350.9889334682]

第11幅图像的旋转向量：
[-2.105801079279105;
  2.172169112517965;
  -0.6296964124531428]
第11幅图像的旋转矩阵：
[-0.07054812050199388, -0.9469112192373989, 0.3136592188601808;
  -0.9678535782674925, -0.01112285058508, -0.2512682495455255;
  0.2414175091588152, -0.3213027000776754, -0.9156867156371489]
第11幅图像的平移向量：
[328.7566040697618;
  249.1041362404482;
  1396.058075486224]

第12幅图像的旋转向量：
[2.040672661720744;
  -1.950614715444701;
  -0.0452998652038793]
第12幅图像的旋转矩阵：
[0.0688164969252475, -0.9686298154573974, -0.2387898037142826;
  -0.9786705993165719, -0.01910461168961086, -0.2045455251173468;
  0.1935669077716523, 0.2477726668120545, -0.9492842344611877]
第12幅图像的平移向量：
[372.5929880100122;
  250.8870997388017;
  1261.02467821364]

第13幅图像的旋转向量：
[2.190964585313202;
  -2.063058758409778;
  0.1986300852714326]
第13幅图像的旋转矩阵：
[0.05920393313469907, -0.9981997851131061, 0.009596004456568844;
  -0.9816945043163299, -0.05996285957002379, -0.1807770883361627;
  0.1810270545981932, 0.001282369811731118, -0.983477280383827]
第13幅图像的平移向量：
[-101.7999020055065;
  57.80518420719898;
  1428.718769401163]

第14幅图像的旋转向量：
[3.049275824811173;
  0.08884211094734082;
  0.1569133319299984]
第14幅图像的旋转矩阵：
[0.9930436951069809, 0.05349512061922524, 0.1048927627541935;
  0.06242110735237475, -0.9945301235992969, -0.08374627520355983;
  0.09983899521317449, 0.08971123298395591, -0.9909510935012494]
第14幅图像的平移向量：
[-368.7140115313588;
  37.07070772949049;
  1426.120790248334]

第15幅图像的旋转向量：
[2.856699915811354;
  0.9035706541269262;
  0.1219426194483247]
第15幅图像的旋转矩阵：
[0.8160435881780844, 0.5653954035786925, 0.1200037491311174;
  0.5769796144338922, -0.809138564026241, -0.1113072716998748;
  0.03416704144572373, 0.1600713022925725, -0.9865139590807655]
第15幅图像的平移向量：
[-231.6948145055888;
  -296.2678176394938;
  1718.242450954256]

第16幅图像的旋转向量：
[2.815121766219082;
  -0.8821051411404342;
  0.3349221749953683]
第16幅图像的旋转矩阵：
[0.7995116391668901, -0.5785836111863162, 0.1613138050610498;
  -0.539846725520425, -0.8099220918135525, -0.2293288427939979;
  0.2633375244463794, 0.09626634956702736, -0.9598886071620453]
第16幅图像的平移向量：
[223.9825346077581;
  -162.9974730995535;
  1717.290338486704]

第17幅图像的旋转向量：
[0.9245206585960926;
  -2.94739289998375;
  0.3296726220931722]
第17幅图像的旋转矩阵：
[-0.8223020850083602, -0.5682657231405832, 0.0298889426780786;
  -0.5608260248158545, 0.800399620330174, -0.2117418656396503;
  0.0964025460252477, -0.1908782745071403, -0.9768684831854423]
第17幅图像的平移向量：
[585.1280656947228;
  -411.0317929134674;
  1800.134194291277]


